1 3.223262 -60.994118 0.000000 0.349053 -0.000000 -0.000000 0.744609 0.744609 0.744609
2 3.223262 -60.994118 0.000000 0.331969 -0.000000 -0.000000 0.744609 0.744609 0.744609
3 3.223262 -60.994118 0.000000 0.269266 -0.000000 -0.000000 0.744609 0.744609 0.744609
4 3.223262 -60.994118 0.000000 0.138762 -0.000000 -0.000000 0.744609 0.744609 0.744609
5 3.223262 -60.994118 0.000000 -0.087185 -0.000000 -0.000000 0.744609 0.744609 0.744609
6 3.223262 -60.994118 0.000000 -0.110231 -0.000000 -0.000000 0.744609 0.744609 0.744609
7 3.223262 -60.994118 0.000000 0.123862 -0.000000 -0.000000 0.744609 0.744609 0.744609
8 3.223262 -60.994118 0.000000 0.263003 -0.000000 -0.000000 0.744609 0.744609 0.744609
9 3.223262 -60.994118 0.000000 0.329772 -0.000000 -0.000000 0.744609 0.744609 0.744609
10 3.223262 -60.994118 0.000000 0.349053 -0.000000 -0.000000 0.744609 0.744609 0.744609
11 3.223262 -60.994118 0.000000 0.331969 -0.000000 -0.000000 0.744609 0.744609 0.744609
12 3.223262 -60.994118 0.000000 0.269266 -0.000000 -0.000000 0.744609 0.744609 0.744609
13 3.223262 -60.994118 0.000000 0.138762 -0.000000 -0.000000 0.744609 0.744609 0.744609
14 3.223262 -60.994118 0.000000 -0.087185 -0.000000 -0.000000 0.744609 0.744609 0.744609
15 3.223262 -60.994118 0.000000 -0.110231 -0.000000 -0.000000 0.744609 0.744609 0.744609
16 3.223262 -60.994118 0.000000 0.123862 -0.000000 -0.000000 0.744609 0.744609 0.744609
17 3.223262 -60.994118 0.000000 0.263003 -0.000000 -0.000000 0.744609 0.744609 0.744609
18 3.223262 -60.994118 0.000000 0.329772 -0.000000 -0.000000 0.744609 0.744609 0.744609
19 3.223262 -60.994118 0.000000 0.349053 -0.000000 -0.000000 0.744609 0.744609 0.744609
20 3.223262 -60.994118 0.000000 0.331969 -0.000000 -0.000000 0.744609 0.744609 0.744609
21 3.223262 -60.994118 0.000000 0.269266 -0.000000 -0.000000 0.744609 0.744609 0.744609
22 3.223262 -60.994118 0.000000 0.138762 -0.000000 -0.000000 0.744609 0.744609 0.744609
23 3.223262 -60.994118 0.000000 -0.087185 -0.000000 -0.000000 0.744609 0.744609 0.744609
24 3.223262 -60.994118 0.000000 -0.110231 -0.000000 -0.000000 0.744609 0.744609 0.744609
25 3.223262 -60.994118 0.000000 0.123862 -0.000000 -0.000000 0.744609 0.744609 0.744609
26 3.223262 -60.994118 0.000000 0.263003 -0.000000 -0.000000 0.744609 0.744609 0.744609
27 3.223262 -60.994118 0.000000 0.329772 -0.000000 -0.000000 0.744609 0.744609 0.744609
28 3.223262 -60.994118 0.000000 0.349053 -0.000000 -0.000000 0.744609 0.744609 0.744609
29 3.223262 -60.994118 0.000000 0.331969 -0.000000 -0.000000 0.744609 0.744609 0.744609
30 3.223262 -60.994118 0.000000 0.269266 -0.000000 -0.000000 0.744609 0.744609 0.744609
31 3.223262 -60.994118 0.000000 0.138762 -0.000000 -0.000000 0.744609 0.744609 0.744609
32 3.223262 -60.994118 0.000000 -0.087185 -0.000000 -0.000000 0.744609 0.744609 0.744609
33 3.223262 -60.994118 0.000000 -0.110231 -0.000000 -0.000000 0.744609 0.744609 0.744609
34 3.223262 -60.994118 0.000000 0.123862 -0.000000 -0.000000 0.744609 0.744609 0.744609
35 3.223262 -60.994118 0.000000 0.263003 -0.000000 -0.000000 0.744609 0.744609 0.744609
36 3.223262 -60.994118 0.000000 0.329772 -0.000000 -0.000000 0.744609 0.744609 0.744609
