1 3.223262 5.640689 0.000000 0.349053 -0.000000 -0.000000 1.744603 1.744603 1.744603
2 3.223262 5.640689 0.000000 0.331969 -0.000000 -0.000000 1.744603 1.744603 1.744603
3 3.223262 5.640689 0.000000 0.269266 -0.000000 -0.000000 1.744603 1.744603 1.744603
4 3.223262 5.640689 0.000000 0.138762 -0.000000 -0.000000 1.744603 1.744603 1.744603
5 3.223262 5.640689 0.000000 -0.087185 -0.000000 -0.000000 1.744603 1.744603 1.744603
6 3.223262 5.640689 0.000000 -0.110231 -0.000000 -0.000000 1.744603 1.744603 1.744603
7 3.223262 5.640689 0.000000 0.123862 -0.000000 -0.000000 1.744603 1.744603 1.744603
8 3.223262 5.640689 0.000000 0.263003 -0.000000 -0.000000 1.744603 1.744603 1.744603
9 3.223262 5.640689 0.000000 0.329772 -0.000000 -0.000000 1.744603 1.744603 1.744603
10 3.223262 5.640689 0.000000 0.349053 -0.000000 -0.000000 1.744603 1.744603 1.744603
11 3.223262 5.640689 0.000000 0.331969 -0.000000 -0.000000 1.744603 1.744603 1.744603
12 3.223262 5.640689 0.000000 0.269266 -0.000000 -0.000000 1.744603 1.744603 1.744603
13 3.223262 5.640689 0.000000 0.138762 -0.000000 -0.000000 1.744603 1.744603 1.744603
14 3.223262 5.640689 0.000000 -0.087185 -0.000000 -0.000000 1.744603 1.744603 1.744603
15 3.223262 5.640689 0.000000 -0.110231 -0.000000 -0.000000 1.744603 1.744603 1.744603
16 3.223262 5.640689 0.000000 0.123862 -0.000000 -0.000000 1.744603 1.744603 1.744603
17 3.223262 5.640689 0.000000 0.263003 -0.000000 -0.000000 1.744603 1.744603 1.744603
18 3.223262 5.640689 0.000000 0.329772 -0.000000 -0.000000 1.744603 1.744603 1.744603
19 3.223262 5.640689 0.000000 0.349053 -0.000000 -0.000000 1.744603 1.744603 1.744603
20 3.223262 5.640689 0.000000 0.331969 -0.000000 -0.000000 1.744603 1.744603 1.744603
21 3.223262 5.640689 0.000000 0.269266 -0.000000 -0.000000 1.744603 1.744603 1.744603
22 3.223262 5.640689 0.000000 0.138762 -0.000000 -0.000000 1.744603 1.744603 1.744603
23 3.223262 5.640689 0.000000 -0.087185 -0.000000 -0.000000 1.744603 1.744603 1.744603
24 3.223262 5.640689 0.000000 -0.110231 -0.000000 -0.000000 1.744603 1.744603 1.744603
25 3.223262 5.640689 0.000000 0.123862 -0.000000 -0.000000 1.744603 1.744603 1.744603
26 3.223262 5.640689 0.000000 0.263003 -0.000000 -0.000000 1.744603 1.744603 1.744603
27 3.223262 5.640689 0.000000 0.329772 -0.000000 -0.000000 1.744603 1.744603 1.744603
28 3.223262 5.640689 0.000000 0.349053 -0.000000 -0.000000 1.744603 1.744603 1.744603
29 3.223262 5.640689 0.000000 0.331969 -0.000000 -0.000000 1.744603 1.744603 1.744603
30 3.223262 5.640689 0.000000 0.269266 -0.000000 -0.000000 1.744603 1.744603 1.744603
31 3.223262 5.640689 0.000000 0.138762 -0.000000 -0.000000 1.744603 1.744603 1.744603
32 3.223262 5.640689 0.000000 -0.087185 -0.000000 -0.000000 1.744603 1.744603 1.744603
33 3.223262 5.640689 0.000000 -0.110231 -0.000000 -0.000000 1.744603 1.744603 1.744603
34 3.223262 5.640689 0.000000 0.123862 -0.000000 -0.000000 1.744603 1.744603 1.744603
35 3.223262 5.640689 0.000000 0.263003 -0.000000 -0.000000 1.744603 1.744603 1.744603
36 3.223262 5.640689 0.000000 0.329772 -0.000000 -0.000000 1.744603 1.744603 1.744603
