1 3.223262 5.640689 0.000000 0.349053 -0.000000 -0.523599 1.744603 1.744603 1.744603
2 3.223262 5.640689 0.000000 0.331969 -0.000000 -0.523697 1.744603 1.744603 1.744603
3 3.223262 5.640689 0.000000 0.269266 -0.000000 -0.523804 1.744603 1.744603 1.744603
4 3.223262 5.640689 0.000000 0.138762 -0.000000 -0.523918 1.744603 1.744603 1.744603
5 3.223262 5.640689 0.000000 -0.087185 -0.000000 -0.524038 1.744603 1.744603 1.744603
6 3.223262 5.640689 0.000000 -0.110179 -0.000000 -0.524161 1.744603 1.744603 1.744603
7 3.223262 5.640689 0.000000 0.124567 -0.000000 -0.524284 1.744603 1.744603 1.744603
8 3.223262 5.640689 0.000000 0.264036 -0.000000 -0.524404 1.744603 1.744603 1.744603
9 3.223262 5.640689 0.000000 0.330525 -0.000000 -0.524518 1.744603 1.744603 1.744603
10 3.223262 5.640689 0.000000 0.349066 -0.000000 -0.524622 1.744603 1.744603 1.744603
11 3.223262 5.640689 0.000000 0.330898 -0.000000 -0.524711 1.744603 1.744603 1.744604
12 3.223262 5.640689 0.000000 0.266636 -0.000000 -0.524783 1.744603 1.744603 1.744603
13 3.223262 5.640689 0.000000 0.133760 -0.000000 -0.524833 1.744603 1.744603 1.744603
14 3.223262 5.640689 0.000000 -0.094715 -0.000000 -0.524860 1.744603 1.744603 1.744603
15 3.223262 5.640689 0.000000 -0.102854 -0.000000 -0.488255 1.744603 1.744603 1.744603
16 3.223262 5.640689 0.000000 0.129836 -0.000000 -0.245978 1.744603 1.744603 1.744603
17 3.223262 5.640689 0.000000 0.266776 -0.000000 0.095479 1.744603 1.744603 1.744603
18 3.223262 5.640689 0.000000 0.331623 -0.000000 0.399130 1.744603 1.744603 1.744604
19 3.223262 5.640689 0.000000 0.349052 -0.000000 0.521807 1.744603 1.744603 1.744603
20 3.223262 5.640689 0.000000 0.329791 -0.000000 0.522182 1.744603 1.744603 1.744603
21 3.223262 5.640689 0.000000 0.263951 -0.000000 0.522496 1.744603 1.744603 1.744603
22 3.223262 5.640689 0.000000 0.128677 -0.000000 0.522758 1.744603 1.744603 1.744603
23 3.223262 5.640689 0.000000 -0.102247 -0.000000 0.522972 1.744603 1.744603 1.744603
24 3.223262 5.640689 0.000000 -0.095494 -0.000000 0.523146 1.744603 1.744603 1.744603
25 3.223262 5.640689 0.000000 0.135019 -0.000000 0.523282 1.744603 1.744603 1.744603
26 3.223262 5.640689 0.000000 0.269458 -0.000000 0.523387 1.744603 1.744603 1.744603
27 3.223262 5.640689 0.000000 0.332684 -0.000000 0.523465 1.744603 1.744603 1.744603
28 3.223262 5.640689 0.000000 0.349012 -0.000000 0.523519 1.744603 1.744603 1.744603
29 3.223262 5.640689 0.000000 0.328646 -0.000000 0.523555 1.744603 1.744603 1.744603
30 3.223262 5.640689 0.000000 0.261212 -0.000000 0.523575 1.744603 1.744603 1.744603
31 3.223262 5.640689 0.000000 0.123511 -0.000000 0.523584 1.744603 1.744603 1.744603
32 3.223262 5.640689 0.000000 -0.109768 -0.000000 0.523587 1.744603 1.744603 1.744603
33 3.223262 5.640689 0.000000 -0.088109 -0.000000 0.467986 1.744603 1.744603 1.744603
34 3.223262 5.640689 0.000000 0.140118 -0.000000 0.020495 1.744603 1.744603 1.744603
35 3.223262 5.640689 0.000000 0.272084 -0.000000 -0.330997 1.744603 1.744603 1.744604
36 3.223262 5.640689 0.000000 0.333708 -0.000000 -0.483955 1.744603 1.744603 1.744604
