1 -0.832138 -66.545441 0.000000 0.349058 -0.000000 -0.523599 0.691416 0.691416 0.691416
2 -0.832138 -66.545441 0.000000 0.316722 -0.000000 -0.523697 0.691416 0.691416 0.691416
3 -0.832138 -66.545441 0.000000 0.224609 -0.000000 -0.523804 0.691416 0.691416 0.691416
4 -0.832138 -66.545441 0.000000 0.079269 -0.000000 -0.523918 0.691416 0.691416 0.691416
5 -0.832138 -66.545441 0.000000 -0.109423 -0.000000 -0.524038 0.691416 0.691416 0.691416
6 -0.832138 -66.545441 0.000000 -0.110179 -0.000000 -0.524161 0.691416 0.691416 0.691416
7 -0.832138 -66.545441 0.000000 0.124567 -0.000000 -0.524284 0.691416 0.691416 0.691416
8 -0.832138 -66.545441 0.000000 0.264036 -0.000000 -0.524404 0.691416 0.691416 0.691416
9 -0.832138 -66.545441 0.000000 0.330525 -0.000000 -0.524518 0.691416 0.691416 0.691416
10 -0.832138 -66.545441 0.000000 0.349058 -0.000000 -0.524622 0.691416 0.691416 0.691416
11 -0.832138 -66.545441 0.000000 0.316722 -0.000000 -0.524711 0.691416 0.691416 0.691416
12 -0.832138 -66.545441 0.000000 0.224609 -0.000000 -0.524783 0.691416 0.691416 0.691416
13 -0.832138 -66.545441 0.000000 0.079269 -0.000000 -0.524833 0.691416 0.691416 0.691416
14 -0.832138 -66.545441 0.000000 -0.109423 -0.000000 -0.524860 0.691416 0.691416 0.691416
15 -0.832138 -66.545441 0.000000 -0.110179 -0.000000 -0.488255 0.691416 0.691416 0.691416
16 -0.832138 -66.545441 0.000000 0.124567 -0.000000 -0.245978 0.691416 0.691416 0.691416
17 -0.832138 -66.545441 0.000000 0.264036 -0.000000 0.095479 0.691416 0.691416 0.691416
18 -0.832138 -66.545441 0.000000 0.330525 -0.000000 0.399130 0.691416 0.691416 0.691416
19 -0.832138 -66.545441 0.000000 0.349058 -0.000000 0.521807 0.691416 0.691416 0.691416
20 -0.832138 -66.545441 0.000000 0.316722 -0.000000 0.522182 0.691416 0.691416 0.691416
21 -0.832138 -66.545441 0.000000 0.224609 -0.000000 0.522496 0.691416 0.691416 0.691416
22 -0.832138 -66.545441 0.000000 0.079269 -0.000000 0.522758 0.691416 0.691416 0.691416
23 -0.832138 -66.545441 0.000000 -0.109423 -0.000000 0.522972 0.691416 0.691416 0.691416
24 -0.832138 -66.545441 0.000000 -0.110179 -0.000000 0.523146 0.691416 0.691416 0.691416
25 -0.832138 -66.545441 0.000000 0.124567 -0.000000 0.523282 0.691416 0.691416 0.691416
26 -0.832138 -66.545441 0.000000 0.264036 -0.000000 0.523387 0.691416 0.691416 0.691416
27 -0.832138 -66.545441 0.000000 0.330525 -0.000000 0.523465 0.691416 0.691416 0.691416
28 -0.832138 -66.545441 0.000000 0.349058 -0.000000 0.523519 0.691416 0.691416 0.691416
29 -0.832138 -66.545441 0.000000 0.316722 -0.000000 0.523555 0.691416 0.691416 0.691416
30 -0.832138 -66.545441 0.000000 0.224609 -0.000000 0.523575 0.691416 0.691416 0.691416
31 -0.832138 -66.545441 0.000000 0.079269 -0.000000 0.523584 0.691416 0.691416 0.691416
32 -0.832138 -66.545441 0.000000 -0.109423 -0.000000 0.523587 0.691416 0.691416 0.691416
33 -0.832138 -66.545441 0.000000 -0.110179 -0.000000 0.467986 0.691416 0.691416 0.691416
34 -0.832138 -66.545441 0.000000 0.124567 -0.000000 0.020495 0.691416 0.691416 0.691416
35 -0.832138 -66.545441 0.000000 0.264036 -0.000000 -0.330997 0.691416 0.691416 0.691416
36 -0.832138 -66.545441 0.000000 0.330525 -0.000000 -0.483955 0.691416 0.691416 0.691416
