1 3.223262 5.640689 0.000000 0.174520 0.018281 -0.000000 1.744603 1.744603 1.744604
2 3.223262 5.640689 0.000000 0.174520 0.197277 -0.000000 1.744603 1.744603 1.744603
3 3.223262 5.640689 0.000000 0.174520 0.376272 -0.000000 1.744603 1.744603 1.744603
4 3.223262 5.640689 0.000000 0.174520 0.555268 -0.000000 1.744603 1.744603 1.744603
5 3.223262 5.640689 0.000000 0.174520 0.734264 -0.000000 1.744603 1.744603 1.744603
6 3.223262 5.640689 0.000000 0.174520 0.913260 -0.000000 1.744603 1.744603 1.744603
7 3.223262 5.640689 0.000000 0.174520 1.092255 -0.000000 1.744603 1.744603 1.744603
8 3.223262 5.640689 0.000000 0.174520 1.271251 -0.000000 1.744603 1.744603 1.744603
9 3.223262 5.640689 0.000000 0.174520 1.450246 -0.000000 1.744603 1.744603 1.744603
10 3.223262 5.640689 0.000000 0.174520 1.629242 0.000000 1.744603 1.744603 1.744603
11 3.223262 5.640689 0.000000 0.174520 1.808238 0.000000 1.744603 1.744603 1.744603
12 3.223262 5.640689 0.000000 0.174520 1.987233 0.000000 1.744603 1.744603 1.744603
13 3.223262 5.640689 0.000000 0.174520 2.166229 0.000000 1.744603 1.744603 1.744603
14 3.223262 5.640689 0.000000 0.174520 2.345225 0.000000 1.744603 1.744603 1.744603
15 3.223262 5.640689 0.000000 0.174520 2.524221 0.000000 1.744603 1.744603 1.744603
16 3.223262 5.640689 0.000000 0.174520 2.703216 0.000000 1.744603 1.744603 1.744603
17 3.223262 5.640689 0.000000 0.174520 2.882212 0.000000 1.744603 1.744603 1.744603
18 3.223262 5.640689 0.000000 0.174520 3.061208 0.000000 1.744603 1.744603 1.744603
19 3.223262 5.640689 0.000000 0.174520 -3.042982 0.000000 1.744603 1.744603 1.744603
20 3.223262 5.640689 0.000000 0.174520 -2.863987 0.000000 1.744603 1.744603 1.744603
21 3.223262 5.640689 0.000000 0.174520 -2.684991 0.000000 1.744603 1.744603 1.744603
22 3.223262 5.640689 0.000000 0.174520 -2.505995 0.000000 1.744603 1.744603 1.744604
23 3.223262 5.640689 0.000000 0.174520 -2.326999 0.000000 1.744603 1.744603 1.744603
24 3.223262 5.640689 0.000000 0.174520 -2.148003 0.000000 1.744603 1.744603 1.744603
25 3.223262 5.640689 0.000000 0.174520 -1.969008 0.000000 1.744603 1.744603 1.744604
26 3.223262 5.640689 0.000000 0.174520 -1.790013 0.000000 1.744603 1.744603 1.744603
27 3.223262 5.640689 0.000000 0.174520 -1.611017 0.000000 1.744603 1.744603 1.744603
28 3.223262 5.640689 0.000000 0.174520 -1.432021 -0.000000 1.744603 1.744603 1.744603
29 3.223262 5.640689 0.000000 0.174520 -1.253025 -0.000000 1.744603 1.744603 1.744603
30 3.223262 5.640689 0.000000 0.174520 -1.074030 -0.000000 1.744603 1.744603 1.744603
31 3.223262 5.640689 0.000000 0.174520 -0.895034 -0.000000 1.744603 1.744603 1.744603
32 3.223262 5.640689 0.000000 0.174520 -0.716038 -0.000000 1.744603 1.744603 1.744603
33 3.223262 5.640689 0.000000 0.174520 -0.537042 -0.000000 1.744603 1.744603 1.744603
34 3.223262 5.640689 0.000000 0.174520 -0.358046 -0.000000 1.744603 1.744603 1.744604
35 3.223262 5.640689 0.000000 0.174520 -0.179050 -0.000000 1.744603 1.744603 1.744603
