1 4.034342 -68.978683 0.000000 0.174520 0.018281 -0.000000 0.729934 0.729934 0.729934
2 4.034342 -68.978683 0.000000 0.174520 0.197277 -0.000000 0.729934 0.729934 0.729934
3 4.034342 -68.978683 0.000000 0.174520 0.376272 -0.000000 0.729934 0.729934 0.729934
4 4.034342 -68.978683 0.000000 0.174520 0.555268 -0.000000 0.729934 0.729934 0.729934
5 4.034342 -68.978683 0.000000 0.174520 0.734264 -0.000000 0.729934 0.729934 0.729934
6 4.034342 -68.978683 0.000000 0.174520 0.913260 -0.000000 0.729934 0.729934 0.729934
7 4.034342 -68.978683 0.000000 0.174520 1.092255 -0.000000 0.729934 0.729934 0.729934
8 4.034342 -68.978683 0.000000 0.174520 1.271251 -0.000000 0.729934 0.729934 0.729934
9 4.034342 -68.978683 0.000000 0.174520 1.450246 -0.000000 0.729934 0.729934 0.729934
10 4.034342 -68.978683 0.000000 0.174520 1.629242 0.000000 0.729934 0.729934 0.729934
11 4.034342 -68.978683 0.000000 0.174520 1.808238 0.000000 0.729934 0.729934 0.729934
12 4.034342 -68.978683 0.000000 0.174520 1.987233 0.000000 0.729934 0.729934 0.729934
13 4.034342 -68.978683 0.000000 0.174520 2.166229 0.000000 0.729934 0.729934 0.729934
14 4.034342 -68.978683 0.000000 0.174520 2.345225 0.000000 0.729934 0.729934 0.729934
15 4.034342 -68.978683 0.000000 0.174520 2.524221 0.000000 0.729934 0.729934 0.729934
16 4.034342 -68.978683 0.000000 0.174520 2.703216 0.000000 0.729934 0.729934 0.729934
17 4.034342 -68.978683 0.000000 0.174520 2.882212 0.000000 0.729934 0.729934 0.729934
18 4.034342 -68.978683 0.000000 0.174520 3.061208 0.000000 0.729934 0.729934 0.729934
19 4.034342 -68.978683 0.000000 0.174520 -3.042982 0.000000 0.729934 0.729934 0.729934
20 4.034342 -68.978683 0.000000 0.174520 -2.863987 0.000000 0.729934 0.729934 0.729934
21 4.034342 -68.978683 0.000000 0.174520 -2.684991 0.000000 0.729934 0.729934 0.729934
22 4.034342 -68.978683 0.000000 0.174520 -2.505995 0.000000 0.729934 0.729934 0.729934
23 4.034342 -68.978683 0.000000 0.174520 -2.326999 0.000000 0.729934 0.729934 0.729934
24 4.034342 -68.978683 0.000000 0.174520 -2.148003 0.000000 0.729934 0.729934 0.729934
25 4.034342 -68.978683 0.000000 0.174520 -1.969008 0.000000 0.729934 0.729934 0.729934
26 4.034342 -68.978683 0.000000 0.174520 -1.790013 0.000000 0.729934 0.729934 0.729934
27 4.034342 -68.978683 0.000000 0.174520 -1.611017 0.000000 0.729934 0.729934 0.729934
28 4.034342 -68.978683 0.000000 0.174520 -1.432021 -0.000000 0.729934 0.729934 0.729934
29 4.034342 -68.978683 0.000000 0.174520 -1.253025 -0.000000 0.729934 0.729934 0.729934
30 4.034342 -68.978683 0.000000 0.174520 -1.074030 -0.000000 0.729934 0.729934 0.729934
31 4.034342 -68.978683 0.000000 0.174520 -0.895034 -0.000000 0.729934 0.729934 0.729934
32 4.034342 -68.978683 0.000000 0.174520 -0.716038 -0.000000 0.729934 0.729934 0.729934
33 4.034342 -68.978683 0.000000 0.174520 -0.537042 -0.000000 0.729934 0.729934 0.729934
34 4.034342 -68.978683 0.000000 0.174520 -0.358046 -0.000000 0.729934 0.729934 0.729934
35 4.034342 -68.978683 0.000000 0.174520 -0.179050 -0.000000 0.729934 0.729934 0.729934
