1 3.223262 5.640689 0.000000 0.174533 -0.000000 -0.000000 1.744603 1.744603 1.744603
2 3.223262 5.640689 0.000000 -0.131071 0.179652 -0.000000 1.744603 1.744603 1.744603
3 3.223262 5.640689 0.000000 -0.212624 0.359304 -0.000000 1.744603 1.744603 1.744603
4 3.223262 5.640689 0.000000 -0.188409 0.538956 -0.000000 1.744603 1.744603 1.744603
5 3.223262 5.640689 0.000000 0.028639 0.718608 -0.000000 1.744603 1.744603 1.744603
6 3.223262 5.640689 0.000000 0.006607 0.898260 -0.000000 1.744603 1.744603 1.744603
7 3.223262 5.640689 0.000000 -0.190878 1.077912 -0.000000 1.744603 1.744603 1.744603
8 3.223262 5.640689 0.000000 -0.212422 1.257564 -0.000000 1.744603 1.744603 1.744603
9 3.223262 5.640689 0.000000 -0.120551 1.437216 -0.000000 1.744603 1.744603 1.744603
10 3.223262 5.640689 0.000000 0.174244 1.616868 0.000000 1.744603 1.744603 1.744603
11 3.223262 5.640689 0.000000 -0.131367 1.796520 0.000000 1.744603 1.744603 1.744603
12 3.223262 5.640689 0.000000 -0.212655 1.976172 0.000000 1.744603 1.744603 1.744603
13 3.223262 5.640689 0.000000 -0.188272 2.155824 0.000000 1.744603 1.744603 1.744603
14 3.223262 5.640689 0.000000 0.029260 2.335476 0.000000 1.744603 1.744603 1.744603
15 3.223262 5.640689 0.000000 0.005964 2.515128 0.000000 1.744603 1.744603 1.744603
16 3.223262 5.640689 0.000000 -0.191000 2.694780 0.000000 1.744603 1.744603 1.744604
17 3.223262 5.640689 0.000000 -0.212388 2.874432 0.000000 1.744603 1.744603 1.744603
18 3.223262 5.640689 0.000000 -0.120211 3.054084 0.000000 1.744603 1.744603 1.744603
19 3.223262 5.640689 0.000000 0.173954 -3.049449 0.000000 1.744603 1.744603 1.744603
20 3.223262 5.640689 0.000000 -0.131662 -2.869798 0.000000 1.744603 1.744603 1.744603
21 3.223262 5.640689 0.000000 -0.212686 -2.690146 0.000000 1.744603 1.744603 1.744604
22 3.223262 5.640689 0.000000 -0.188135 -2.510494 0.000000 1.744603 1.744603 1.744603
23 3.223262 5.640689 0.000000 0.029882 -2.330841 0.000000 1.744603 1.744603 1.744603
24 3.223262 5.640689 0.000000 0.005322 -2.151190 0.000000 1.744603 1.744603 1.744603
25 3.223262 5.640689 0.000000 -0.191122 -1.971538 0.000000 1.744603 1.744603 1.744603
26 3.223262 5.640689 0.000000 -0.212354 -1.791886 0.000000 1.744603 1.744603 1.744603
27 3.223262 5.640689 0.000000 -0.119870 -1.612233 0.000000 1.744603 1.744603 1.744604
28 3.223262 5.640689 0.000000 0.173661 -1.432582 -0.000000 1.744603 1.744603 1.744603
29 3.223262 5.640689 0.000000 -0.131956 -1.252930 -0.000000 1.744603 1.744603 1.744603
30 3.223262 5.640689 0.000000 -0.212717 -1.073278 -0.000000 1.744603 1.744603 1.744604
31 3.223262 5.640689 0.000000 -0.187998 -0.893626 -0.000000 1.744603 1.744603 1.744603
32 3.223262 5.640689 0.000000 0.030503 -0.713974 -0.000000 1.744603 1.744603 1.744603
33 3.223262 5.640689 0.000000 0.004681 -0.534322 -0.000000 1.744603 1.744603 1.744604
34 3.223262 5.640689 0.000000 -0.191243 -0.354670 -0.000000 1.744603 1.744603 1.744603
35 3.223262 5.640689 0.000000 -0.212319 -0.175018 -0.000000 1.744603 1.744603 1.744603
