1 1.291818 -58.096951 0.000000 0.349058 0.018281 -0.000000 0.767942 0.767942 0.767943
2 1.291818 -58.096951 0.000000 0.338510 0.197277 -0.000000 0.767942 0.767942 0.767943
3 1.291818 -58.096951 0.000000 0.297117 0.376272 -0.000000 0.767942 0.767942 0.767943
4 1.291818 -58.096951 0.000000 0.200172 0.555268 -0.000000 0.767942 0.767942 0.767943
5 1.291818 -58.096951 0.000000 -0.016278 0.734264 -0.000000 0.767942 0.767942 0.767943
6 1.291818 -58.096951 0.000000 -0.110231 0.913260 -0.000000 0.767942 0.767942 0.767943
7 1.291818 -58.096951 0.000000 0.123862 1.092255 -0.000000 0.767942 0.767942 0.767943
8 1.291818 -58.096951 0.000000 0.263003 1.271251 -0.000000 0.767942 0.767942 0.767943
9 1.291818 -58.096951 0.000000 0.329772 1.450246 -0.000000 0.767942 0.767942 0.767943
10 1.291818 -58.096951 0.000000 0.349053 1.629242 0.000000 0.767942 0.767942 0.767943
11 1.291818 -58.096951 0.000000 0.339161 1.808238 0.000000 0.767942 0.767942 0.767943
12 1.291818 -58.096951 0.000000 0.298886 1.987233 0.000000 0.767942 0.767942 0.767942
13 1.291818 -58.096951 0.000000 0.204106 2.166229 0.000000 0.767942 0.767942 0.767943
14 1.291818 -58.096951 0.000000 -0.007429 2.345225 0.000000 0.767942 0.767942 0.767943
15 1.291818 -58.096951 0.000000 -0.117499 2.524221 0.000000 0.767942 0.767942 0.767943
16 1.291818 -58.096951 0.000000 0.118526 2.703216 0.000000 0.767942 0.767942 0.767943
17 1.291818 -58.096951 0.000000 0.260207 2.882212 0.000000 0.767942 0.767942 0.767943
18 1.291818 -58.096951 0.000000 0.328620 3.061208 0.000000 0.767942 0.767942 0.767943
19 1.291818 -58.096951 0.000000 0.349014 -3.042982 0.000000 0.767942 0.767942 0.767943
20 1.291818 -58.096951 0.000000 0.339789 -2.863987 0.000000 0.767942 0.767942 0.767943
21 1.291818 -58.096951 0.000000 0.300613 -2.684991 0.000000 0.767942 0.767942 0.767943
22 1.291818 -58.096951 0.000000 0.207953 -2.505995 0.000000 0.767942 0.767942 0.767943
23 1.291818 -58.096951 0.000000 0.001227 -2.326999 0.000000 0.767942 0.767942 0.767943
24 1.291818 -58.096951 0.000000 -0.124707 -2.148003 0.000000 0.767942 0.767942 0.767943
25 1.291818 -58.096951 0.000000 0.113104 -1.969008 0.000000 0.767942 0.767942 0.767943
26 1.291818 -58.096951 0.000000 0.257352 -1.790013 0.000000 0.767942 0.767942 0.767943
27 1.291818 -58.096951 0.000000 0.327431 -1.611017 0.000000 0.767942 0.767942 0.767943
28 1.291818 -58.096951 0.000000 0.348949 -1.432021 -0.000000 0.767942 0.767942 0.767943
29 1.291818 -58.096951 0.000000 0.340393 -1.253025 -0.000000 0.767942 0.767942 0.767943
30 1.291818 -58.096951 0.000000 0.302299 -1.074030 -0.000000 0.767942 0.767942 0.767943
31 1.291818 -58.096951 0.000000 0.211715 -0.895034 -0.000000 0.767942 0.767942 0.767943
32 1.291818 -58.096951 0.000000 0.009693 -0.716038 -0.000000 0.767942 0.767942 0.767943
33 1.291818 -58.096951 0.000000 -0.131844 -0.537042 -0.000000 0.767942 0.767942 0.767943
34 1.291818 -58.096951 0.000000 0.107595 -0.358046 -0.000000 0.767942 0.767942 0.767943
35 1.291818 -58.096951 0.000000 0.254439 -0.179050 -0.000000 0.767942 0.767942 0.767943
