1 -0.377419 -58.642044 0.000000 0.174520 -0.000000 -0.000000 0.836233 0.836233 0.836234
2 -0.377419 -58.642044 0.000000 0.174520 -0.000000 -0.000000 0.836233 0.836233 0.836234
3 -0.377419 -58.642044 0.000000 0.174520 -0.000000 -0.000000 0.836233 0.836233 0.836234
4 -0.377419 -58.642044 0.000000 0.174520 -0.000000 -0.000000 0.836233 0.836233 0.836234
5 -0.377419 -58.642044 0.000000 0.174520 -0.000000 -0.000000 0.836233 0.836233 0.836234
6 -0.377419 -58.642044 0.000000 0.174520 -0.000000 -0.000000 0.836233 0.836233 0.836234
7 -0.377419 -58.642044 0.000000 0.174520 -0.000000 -0.000000 0.836233 0.836233 0.836234
8 -0.377419 -58.642044 0.000000 0.174520 -0.000000 -0.000000 0.836233 0.836233 0.836234
9 -0.377419 -58.642044 0.000000 0.174520 -0.000000 -0.000000 0.836233 0.836233 0.836234
10 -0.377419 -58.642044 0.000000 0.174520 -0.000000 -0.000000 0.836233 0.836233 0.836234
11 -0.377419 -58.642044 0.000000 0.174520 -0.000000 -0.000000 0.836233 0.836233 0.836234
12 -0.377419 -58.642044 0.000000 0.174520 -0.000000 -0.000000 0.836233 0.836233 0.836234
13 -0.377419 -58.642044 0.000000 0.174520 -0.000000 -0.000000 0.836233 0.836233 0.836234
14 -0.377419 -58.642044 0.000000 0.174520 -0.000000 -0.000000 0.836233 0.836233 0.836234
15 -0.377419 -58.642044 0.000000 0.174520 -0.000000 -0.000000 0.836233 0.836233 0.836234
16 -0.377419 -58.642044 0.000000 0.174520 -0.000000 -0.000000 0.836233 0.836233 0.836234
17 -0.377419 -58.642044 0.000000 0.174520 -0.000000 -0.000000 0.836233 0.836233 0.836234
18 -0.377419 -58.642044 0.000000 0.174520 -0.000000 -0.000000 0.836233 0.836233 0.836234
19 -0.377419 -58.642044 0.000000 0.174520 -0.000000 -0.000000 0.836233 0.836233 0.836234
20 -0.377419 -58.642044 0.000000 0.174520 -0.000000 -0.000000 0.836233 0.836233 0.836234
21 -0.377419 -58.642044 0.000000 0.174520 -0.000000 -0.000000 0.836233 0.836233 0.836234
22 -0.377419 -58.642044 0.000000 0.174520 -0.000000 -0.000000 0.836233 0.836233 0.836234
23 -0.377419 -58.642044 0.000000 0.174520 -0.000000 -0.000000 0.836233 0.836233 0.836234
24 -0.377419 -58.642044 0.000000 0.174520 -0.000000 -0.000000 0.836233 0.836233 0.836234
25 -0.377419 -58.642044 0.000000 0.174520 -0.000000 -0.000000 0.836233 0.836233 0.836234
26 -0.377419 -58.642044 0.000000 0.174520 -0.000000 -0.000000 0.836233 0.836233 0.836234
27 -0.377419 -58.642044 0.000000 0.174520 -0.000000 -0.000000 0.836233 0.836233 0.836234
28 -0.377419 -58.642044 0.000000 0.174520 -0.000000 -0.000000 0.836233 0.836233 0.836234
29 -0.377419 -58.642044 0.000000 0.174520 -0.000000 -0.000000 0.836233 0.836233 0.836234
30 -0.377419 -58.642044 0.000000 0.174520 -0.000000 -0.000000 0.836233 0.836233 0.836234
31 -0.377419 -58.642044 0.000000 0.174520 -0.000000 -0.000000 0.836233 0.836233 0.836234
32 -0.377419 -58.642044 0.000000 0.174520 -0.000000 -0.000000 0.836233 0.836233 0.836234
33 -0.377419 -58.642044 0.000000 0.174520 -0.000000 -0.000000 0.836233 0.836233 0.836234
34 -0.377419 -58.642044 0.000000 0.174520 -0.000000 -0.000000 0.836233 0.836233 0.836234
35 -0.377419 -58.642044 0.000000 0.174520 -0.000000 -0.000000 0.836233 0.836233 0.836234
36 -0.377419 -58.642044 0.000000 0.174520 -0.000000 -0.000000 0.836233 0.836233 0.836234
